83.892723 12.376802
92.796404 91.840865
10.355627 42.656068
98.941448 51.611797
31.707873 78.498216
20.931745 41.412178
35.550112 89.588398
62.292045 73.392146
26.935775 79.117801
51.743309 23.279625
59.592187 62.677302
1.492020 67.491296
49.707236 91.167992
92.643212 68.983388
66.519701 90.997488
51.623384 67.409053
77.527015 8.446252
43.940551 28.806978
79.191620 4.266604
75.359054 13.335454
66.150983 51.740425
90.536750 72.626951
93.327842 96.275766
11.869079 49.498000
64.839996 92.653012
39.737891 82.151759
67.641781 82.102448
85.979702 71.469016
80.184381 9.809343
80.931467 88.556636
66.410752 39.462812
58.692168 44.359085
89.802995 3.901019
33.868866 69.508424
37.729966 95.398046
84.972839 46.209768
25.489678 90.921940
8.777083 42.388125
97.281649 76.219948
13.215226 54.714267
52.426973 70.125343
68.715519 12.614781
13.349344 76.436602
53.467234 51.172122
22.775217 48.937046
28.710538 97.725855
11.802737 7.787610
7.475550 45.599630
36.753955 71.529744
64.233885 72.782034
46.216872 39.347078
50.882602 4.984152
82.647408 54.953360
84.313422 5.801674
64.544127 44.735717
83.293336 66.419148
83.260511 59.185788
43.433468 18.693100
61.926622 8.296133
41.269541 21.624232
24.300868 14.664859
55.524447 14.952704
82.686887 98.135039
21.267902 7.726262
75.218676 30.806272
58.499036 5.257490
18.381163 14.426457
25.433511 65.422935
53.184828 55.297372
35.510072 27.220077
14.217364 82.708902
64.190463 21.926948
16.570145 62.709445
76.644762 76.683525
4.648805 38.203091
36.875506 16.475641
85.948025 15.721305
35.664530 23.274033
61.504270 57.599564
54.722743 12.282248
44.454293 73.784539
3.686346 83.356903
30.197671 10.789693
59.594908 50.471202
0.173443 38.396326
6.889869 90.522522
42.204624 68.609021
42.205708 28.179577
20.961633 71.483121
22.220038 11.631897
46.735706 39.887054
15.155437 12.737921
28.438680 32.222160
65.758382 33.531860
20.182910 3.929833
65.744636 73.717579
11.647420 92.688815
6.547252 18.942548
19.531458 65.299244
70.600824 67.456250
38.320676 38.473221
79.768183 69.428272
43.410455 76.839255
46.964031 96.934413
45.817500 45.198839
94.169421 83.950125
1.700365 6.857569
89.800126 24.866169
86.414992 35.247401
3.729366 59.570409
46.118603 7.603945
23.689618 60.280206
50.908387 72.655774
42.973852 42.275977
7.606945 82.977497
85.933169 87.315272
42.446086 68.485953
4.377256 96.486693
79.858157 13.657879
92.281769 63.675227
87.516154 98.892079
41.303668 6.560943
80.543153 7.582438
62.552039 34.558597
47.172245 18.849133
52.462037 86.460543
73.452767 0.941397
37.639302 72.378885
66.854598 27.144426
85.349065 13.697525
10.977863 51.846266
71.693139 44.807982
43.563231 56.949710
56.441596 94.422646
29.856075 90.609003
85.928164 88.543355
92.817251 20.950762
53.968078 51.277103
25.286826 5.916127
71.377532 46.793090
83.189568 44.553243
13.415392 38.452344
23.821507 31.973020
33.991456 91.818976
69.452786 75.622857
89.881194 28.534131
17.173586 64.781199
4.320512 15.711083
31.787681 4.327156
67.952676 17.775359
90.350879 21.232982
9.374902 48.996530
80.811935 21.641039
55.971321 10.934578
56.821449 49.680938
20.111361 89.778278
71.960664 91.319330
52.891816 47.328221
44.358883 90.609594
78.563515 13.812794
1.855329 84.750449
53.207192 20.197111
53.175254 87.692021
53.705257 22.817814
47.312639 82.957849
36.849070 64.208266
34.520190 41.911369
80.243287 39.845893
32.260430 68.131168
77.843774 31.229986
34.319179 91.347778
47.999353 32.851891
12.917977 37.526918
46.386105 9.174697
65.810741 54.321413
94.318045 53.386773
44.611347 77.176740
67.321880 58.985245
27.352891 10.732538
17.164116 29.844713
7.182956 66.126385
8.785920 33.417784
80.128069 61.252299
11.202237 90.144686
89.169820 78.472102
43.904281 70.678383
52.860337 65.249644
67.141432 0.202911
81.288010 21.250199
39.145368 14.133317
4.677080 16.735841
8.530889 33.906285
32.325927 8.669902
65.844566 52.929474
32.800619 71.905595
83.353807 8.864261
47.638132 16.190247
13.721569 9.181368
75.912826 78.457323
36.836836 42.320288
73.943072 71.145663
23.320470 42.301824
29.235775 80.612579
52.626439 86.184050
60.350459 43.828569
84.440753 13.119235
69.505998 28.857127
74.564489 64.198012
